structure(list(n.sim = 1:300, n.sites = c(15, 15, 15, 15, 15, 
15, 15, 15, 15, 15, 15, 15, 15, 15, 15, 15, 15, 15, 15, 15, 15, 
15, 15, 15, 15, 15, 15, 15, 15, 15, 15, 15, 15, 15, 15, 15, 15, 
15, 15, 15, 15, 15, 15, 15, 15, 15, 15, 15, 15, 15, 15, 15, 15, 
15, 15, 15, 15, 15, 15, 15, 15, 15, 15, 15, 15, 15, 15, 15, 15, 
15, 15, 15, 15, 15, 15, 15, 15, 15, 15, 15, 15, 15, 15, 15, 15, 
15, 15, 15, 15, 15, 15, 15, 15, 15, 15, 15, 15, 15, 15, 15, 25, 
25, 25, 25, 25, 25, 25, 25, 25, 25, 25, 25, 25, 25, 25, 25, 25, 
25, 25, 25, 25, 25, 25, 25, 25, 25, 25, 25, 25, 25, 25, 25, 25, 
25, 25, 25, 25, 25, 25, 25, 25, 25, 25, 25, 25, 25, 25, 25, 25, 
25, 25, 25, 25, 25, 25, 25, 25, 25, 25, 25, 25, 25, 25, 25, 25, 
25, 25, 25, 25, 25, 25, 25, 25, 25, 25, 25, 25, 25, 25, 25, 25, 
25, 25, 25, 25, 25, 25, 25, 25, 25, 25, 25, 25, 25, 25, 25, 25, 
25, 25, 25, 50, 50, 50, 50, 50, 50, 50, 50, 50, 50, 50, 50, 50, 
50, 50, 50, 50, 50, 50, 50, 50, 50, 50, 50, 50, 50, 50, 50, 50, 
50, 50, 50, 50, 50, 50, 50, 50, 50, 50, 50, 50, 50, 50, 50, 50, 
50, 50, 50, 50, 50, 50, 50, 50, 50, 50, 50, 50, 50, 50, 50, 50, 
50, 50, 50, 50, 50, 50, 50, 50, 50, 50, 50, 50, 50, 50, 50, 50, 
50, 50, 50, 50, 50, 50, 50, 50, 50, 50, 50, 50, 50, 50, 50, 50, 
50, 50, 50, 50, 50, 50, 50), WAIC_rank1 = c(4L, 2L, 1L, 1L, 1L, 
2L, 1L, 1L, 1L, 1L, 1L, 1L, 1L, 1L, 1L, 1L, 1L, 1L, 1L, 2L, 1L, 
4L, 1L, 1L, 1L, 1L, 1L, 2L, 1L, 1L, 1L, 1L, 1L, 1L, 1L, 2L, 2L, 
1L, 2L, 1L, 3L, 1L, 1L, 2L, 1L, 1L, 2L, 1L, 1L, 1L, 1L, 3L, 2L, 
2L, 2L, 1L, 1L, 2L, 4L, 1L, 4L, 1L, 1L, 3L, 1L, 1L, 2L, 1L, 1L, 
1L, 1L, 1L, 2L, 1L, 1L, 1L, 1L, 2L, 2L, 1L, 1L, 1L, 1L, 1L, 1L, 
1L, 1L, 1L, 1L, 1L, 2L, 1L, 2L, 1L, 1L, 2L, 1L, 4L, 2L, 1L, 1L, 
1L, 1L, 1L, 1L, 1L, 1L, 2L, 1L, 3L, 1L, 1L, 2L, 2L, 1L, 3L, 1L, 
2L, 1L, 1L, 2L, 1L, 1L, 1L, 1L, 1L, 1L, 1L, 1L, 1L, 1L, 2L, 1L, 
1L, 4L, 4L, 1L, 1L, 1L, 1L, 1L, 1L, 1L, 1L, 2L, 2L, 1L, 1L, 3L, 
1L, 1L, 2L, 1L, 1L, 1L, 3L, 1L, 1L, 2L, 1L, 2L, 2L, 2L, 1L, 2L, 
1L, 1L, 1L, 2L, 2L, 1L, 1L, 1L, 2L, 1L, 3L, 1L, 1L, 1L, 2L, 1L, 
2L, 1L, 1L, 1L, 1L, 1L, 1L, 2L, 2L, 1L, 1L, 1L, 1L, 2L, 2L, 1L, 
1L, 1L, 1L, 1L, 1L, 1L, 1L, 1L, 1L, 1L, 2L, 2L, 1L, 1L, 1L, 1L, 
3L, 2L, 1L, 1L, 1L, 1L, 2L, 2L, 1L, 1L, 1L, 1L, 1L, 1L, 1L, 1L, 
2L, 1L, 3L, 1L, 1L, 1L, 1L, 1L, 2L, 2L, 1L, 2L, 1L, 1L, 1L, 2L, 
2L, 1L, 1L, 1L, 1L, 1L, 1L, 1L, 1L, 1L, 1L, 1L, 2L, 1L, 1L, 1L, 
1L, 1L, 1L, 1L, 1L, 1L, 1L, 1L, 2L, 1L, 1L, 1L, 1L, 2L, 1L, 1L, 
1L, 1L, 1L, 1L, 2L, 1L, 1L, 1L, 1L, 1L, 1L, 1L, 1L, 1L, 1L, 1L, 
1L, 1L, 2L, 1L, 1L, 2L, 1L), WAIC_rank2 = c(1L, 1L, 1L, 1L, 4L, 
2L, 1L, 2L, 1L, 2L, 1L, 1L, 1L, 2L, 1L, 4L, 1L, 1L, 2L, 1L, 1L, 
2L, 4L, 2L, 1L, 2L, 1L, 1L, 1L, 1L, 1L, 3L, 1L, 1L, 1L, 3L, 1L, 
4L, 2L, 3L, 2L, 2L, 1L, 1L, 1L, 4L, 1L, 1L, 1L, 1L, 1L, 2L, 1L, 
1L, 4L, 2L, 1L, 4L, 1L, 2L, 1L, 1L, 4L, 4L, 2L, 1L, 2L, 2L, 1L, 
1L, 4L, 1L, 2L, 1L, 3L, 1L, 1L, 2L, 2L, 2L, 3L, 1L, 1L, 2L, 1L, 
1L, 1L, 1L, 1L, 1L, 2L, 1L, 2L, 3L, 1L, 1L, 1L, 3L, 1L, 2L, 1L, 
1L, 3L, 1L, 1L, 1L, 1L, 1L, 2L, 1L, 2L, 1L, 2L, 2L, 1L, 2L, 2L, 
1L, 1L, 2L, 2L, 1L, 1L, 1L, 2L, 1L, 2L, 1L, 1L, 1L, 1L, 3L, 1L, 
1L, 2L, 1L, 1L, 1L, 1L, 1L, 2L, 1L, 2L, 1L, 1L, 4L, 1L, 1L, 1L, 
1L, 1L, 2L, 2L, 1L, 2L, 2L, 1L, 2L, 1L, 3L, 2L, 1L, 2L, 1L, 2L, 
1L, 2L, 2L, 3L, 1L, 2L, 1L, 1L, 1L, 1L, 2L, 1L, 1L, 1L, 1L, 1L, 
2L, 1L, 2L, 1L, 1L, 1L, 1L, 4L, 1L, 1L, 1L, 2L, 1L, 1L, 3L, 1L, 
1L, 1L, 2L, 2L, 2L, 2L, 1L, 1L, 2L, 1L, 2L, 1L, 1L, 2L, 2L, 1L, 
2L, 2L, 1L, 1L, 1L, 1L, 1L, 1L, 2L, 2L, 1L, 1L, 2L, 1L, 2L, 1L, 
2L, 1L, 1L, 1L, 2L, 1L, 1L, 1L, 2L, 1L, 2L, 1L, 1L, 1L, 2L, 1L, 
1L, 1L, 1L, 1L, 2L, 1L, 1L, 1L, 1L, 2L, 1L, 2L, 2L, 1L, 1L, 4L, 
2L, 3L, 2L, 1L, 1L, 1L, 1L, 1L, 2L, 2L, 1L, 1L, 2L, 2L, 1L, 1L, 
2L, 1L, 1L, 1L, 1L, 2L, 1L, 1L, 1L, 1L, 1L, 2L, 1L, 2L, 1L, 1L, 
1L, 1L, 3L, 2L, 2L, 2L, 2L), WAIC_W1 = c(0.0744193534021581, 
0.453961397737578, 0.715528844897808, 0.675369458895603, 0.418289162672736, 
0.227555009274746, 0.940861145093499, 0.680878747304652, 0.757789389166941, 
0.478142924164185, 0.997294142151189, 0.814889434442222, 0.494519003908239, 
0.971011263068616, 0.881560986140109, 0.668042381843416, 0.762438999201738, 
0.765474270861987, 0.478873506901872, 0.329593486494728, 0.4551046956203, 
0.073929332833165, 0.46464550215183, 0.604717276460518, 0.999634721513494, 
0.4993981333846, 0.589392771353499, 0.319817843850622, 0.902788826951941, 
0.517074201782445, 0.754184097931472, 0.429228715779965, 0.749516675219453, 
0.995422390086072, 0.996939741489068, 0.219934014007224, 0.351736336272064, 
0.53494543691384, 0.331749772076281, 0.999403732022941, 0.232063090543497, 
0.363749512240411, 0.887523103455646, 0.232958462327437, 0.991814366416139, 
0.598615981617539, 0.440901171104422, 0.941288098442619, 0.871959105460248, 
0.581254239223717, 0.351626533590349, 0.149036455364933, 0.376257275308407, 
0.225552435154274, 0.432720143670264, 0.744469245448539, 0.971110826197732, 
0.429173197481648, 0.146263904456398, 0.720122481616324, 0.169262945861194, 
0.540205132984576, 0.432208940105848, 0.231321961416336, 0.843106318289652, 
0.99569587845654, 0.424563188118581, 0.542780501910526, 0.997792646059387, 
0.828886929225568, 0.998654712006495, 0.744255857006996, 0.391960310442505, 
0.988611348671069, 0.288632233435256, 0.39736661309204, 0.489197301192007, 
0.395726972403379, 0.323556096559569, 0.571279371371381, 0.417887546584038, 
0.991040677838335, 0.978779788789035, 0.659697369055038, 0.936309244015512, 
0.580535906413961, 0.944832440251928, 0.662512883153558, 0.769621085724518, 
0.394751520562421, 0.427617078758765, 0.923859208941854, 0.469437192897625, 
0.563321810881104, 0.99809164202574, 0.481960176524178, 0.999828965493803, 
0.148163074918354, 0.46168136801485, 0.462086809272207, 0.99992751943432, 
0.976790738347514, 0.489165058633341, 0.92783499858956, 0.998925869050991, 
0.84327004078735, 0.566389928057113, 0.442238784193585, 0.369650177231522, 
0.094881937802472, 0.518418235009054, 0.960197226581323, 0.460777420832135, 
0.20380351148384, 0.909766508281877, 0.204613019498951, 0.99885044926337, 
0.430841585153317, 0.962091624114991, 0.63609288482902, 0.493236788052826, 
0.506909455791982, 0.995661292542677, 0.952924629410734, 0.585284296656395, 
0.975990248266105, 0.624841221226205, 0.94138310486979, 0.99978670442929, 
0.998262747152387, 0.313818115081179, 0.279877408898548, 0.999740798707306, 
0.999996157296216, 0.108170917346788, 0.114825367424317, 0.973609620953939, 
0.999979049715769, 0.591976515838026, 0.814364133317198, 0.887572589201171, 
0.816745533332781, 0.582224555482633, 0.991103798116882, 0.391878791039044, 
0.25622901523625, 0.466952303353457, 0.506756591920043, 0.195673252350407, 
0.986042298013096, 0.999959169222609, 0.312100778449833, 0.703724924912148, 
0.754159250521569, 0.999953694579974, 0.190721003916396, 0.999533997934619, 
0.596924696458365, 0.12539601580738, 0.509346716393957, 0.334777559138627, 
0.331488909980084, 0.494336833231817, 0.997650511315322, 0.192995622735542, 
0.777145493810199, 0.999989580430311, 0.989588942459677, 0.366370339254334, 
0.451716597251881, 0.998564887110167, 0.905629085103567, 0.908500769511375, 
0.234554945276505, 0.746729038144779, 0.227391041222073, 0.997057510107415, 
0.64841888977466, 0.99999884201538, 0.331319003287597, 0.982647703028514, 
0.392653822324497, 0.920433675109514, 0.682105463539418, 0.869368782170177, 
0.505283869322439, 0.942063782827065, 0.401178053891119, 0.448391202883194, 
0.255136992733517, 0.94385785150429, 0.515575751893051, 0.608081980415468, 
0.58804436547109, 0.265087978257884, 0.310786521048213, 0.991336364372562, 
0.999453543604305, 0.745655859218896, 0.962169918714378, 0.863894592608381, 
0.629298854064527, 0.986915602231479, 0.600522653124031, 0.517148267356535, 
0.662528934556153, 0.99934950587052, 0.338497028661301, 0.209920182804397, 
0.958239024506336, 0.99393180189605, 0.796870004886184, 0.973732732273064, 
0.229475434823527, 0.468738940398653, 0.577433521622695, 0.991531457564182, 
0.999908680621673, 0.944603823557345, 0.383119758088645, 0.356002770358141, 
