structure(list(n.sim = 1:100, n.sites = c(50, 50, 50, 50, 50, 
50, 50, 50, 50, 50, 50, 50, 50, 50, 50, 50, 50, 50, 50, 50, 50, 
50, 50, 50, 50, 50, 50, 50, 50, 50, 50, 50, 50, 50, 50, 50, 50, 
50, 50, 50, 50, 50, 50, 50, 50, 50, 50, 50, 50, 50, 50, 50, 50, 
50, 50, 50, 50, 50, 50, 50, 50, 50, 50, 50, 50, 50, 50, 50, 50, 
50, 50, 50, 50, 50, 50, 50, 50, 50, 50, 50, 50, 50, 50, 50, 50, 
50, 50, 50, 50, 50, 50, 50, 50, 50, 50, 50, 50, 50, 50, 50), 
    WAIC_rank1 = c(1L, 1L, 1L, 1L, 1L, 1L, 1L, 1L, 1L, 1L, 1L, 
    2L, 1L, 1L, 1L, 1L, 1L, 1L, 1L, 1L, 1L, 1L, 1L, 1L, 1L, 1L, 
    1L, 1L, 1L, 1L, 1L, 1L, 1L, 1L, 2L, 1L, 1L, 1L, 1L, 1L, 2L, 
    1L, 1L, 1L, 1L, 1L, 1L, 1L, 1L, 1L, 1L, 1L, 1L, 1L, 1L, 1L, 
    1L, 1L, 1L, 1L, 1L, 1L, 1L, 1L, 1L, 1L, 1L, 1L, 1L, 1L, 1L, 
    1L, 1L, 1L, 1L, 1L, 1L, 1L, 1L, 1L, 2L, 1L, 1L, 2L, 1L, 1L, 
    1L, 1L, 1L, 1L, 1L, 1L, 1L, 1L, 1L, 1L, 1L, 1L, 1L, 1L), 
    WAIC_rank2 = c(1L, 1L, 2L, 1L, 2L, 2L, 2L, 1L, 1L, 1L, 1L, 
    2L, 1L, 1L, 1L, 2L, 2L, 2L, 2L, 1L, 1L, 2L, 2L, 1L, 1L, 1L, 
    1L, 2L, 2L, 1L, 1L, 2L, 2L, 1L, 2L, 1L, 2L, 1L, 2L, 2L, 2L, 
    1L, 1L, 1L, 2L, 2L, 2L, 2L, 2L, 2L, 1L, 2L, 1L, 2L, 2L, 2L, 
    2L, 2L, 1L, 1L, 2L, 2L, 1L, 2L, 2L, 2L, 2L, 1L, 1L, 2L, 1L, 
    1L, 2L, 1L, 2L, 2L, 1L, 2L, 2L, 1L, 1L, 2L, 2L, 1L, 1L, 2L, 
    2L, 1L, 2L, 2L, 1L, 2L, 2L, 1L, 1L, 1L, 1L, 2L, 2L, 2L), 
    WAIC_W1 = c(0.999999999998867, 1, 0.800898393438053, 0.99999877144668, 
    0.765554967731535, 0.997274917179119, 0.999999123237948, 
    0.948283496595687, 1, 0.999999999864953, 0.999999999995468, 
    0.0413417684597737, 0.999999999781275, 0.999974695351444, 
    0.999999998428558, 0.545337283826216, 0.999983266337985, 
    0.999977642735429, 0.99998351308482, 0.654424728209407, 0.99999998829251, 
    0.988159095620322, 0.866183221181053, 0.999754747935593, 
    0.999999998858331, 0.999999999999998, 0.999999999999745, 
    0.680860797508154, 0.817060811134475, 0.999999999996756, 
    1, 0.999689384436917, 0.999999856590372, 1, 0.305368418466479, 
    0.999999999999514, 0.999700285892331, 0.995082896266693, 
    0.800998707476231, 0.998005306118704, 0.00315033344188824, 
    0.999999985310392, 0.996561381814789, 0.999999999921577, 
    0.999801098153744, 0.999999437463793, 0.9999987450615, 0.838706065537681, 
    0.999999651678572, 0.997054491923317, 0.999999999999995, 
    0.966199271649795, 0.982321849177394, 0.891690323499585, 
    0.999999968114835, 0.999999337968356, 0.999991690199153, 
    0.999073544119957, 1, 0.999993115897065, 0.967220677283199, 
    0.998776123933908, 1, 0.998087472582005, 0.999999999033522, 
    0.999978221610134, 0.979795604136054, 0.999779687814322, 
    0.918710861470947, 0.957218337110597, 0.999999999953393, 
    0.999999999935788, 0.996870281558292, 0.979009289853363, 
    0.942473238103853, 0.999997139205691, 0.999993057436653, 
    0.695002634195732, 0.998791327321935, 0.999973602179456, 
    0.0249853744875712, 0.697159409067064, 0.997006168712307, 
    0.481812984863956, 0.999999999999999, 0.999999993685432, 
    0.758145610992297, 0.999999999999991, 0.997442036872776, 
    0.931718249559161, 0.999999999482893, 0.99993940656183, 0.999999917636494, 
    0.999999830373811, 0.999999999928666, 0.999991519745351, 
    0.999999772737869, 0.998316527662786, 0.999778852668095, 
    0.999936428938527), WAIC_W2 = c(0.999999999999553, 1, 0.340286684615377, 
    1, 0.00179144554014502, 4.43563812786321e-06, 0.215715531380858, 
    0.938226795074072, 1, 0.998083107420369, 0.966547640632931, 
    0.0703479931991393, 1, 0.997492332042943, 0.999826339017908, 
    0.0297504304426431, 0.212638474928041, 0.0100256498517019, 
    0.238885847253833, 0.72123823452744, 0.999999833608356, 0.0534816025430584, 
    0.00573779633154756, 0.908872232280444, 0.999989551534175, 
    0.99999999914564, 1, 0.164582798050242, 0.00262495660184654, 
    0.999999999999028, 1, 0.0400753054598288, 0.26005656555531, 
    1, 0.0381468058971423, 0.99998512649903, 0.0107116437218575, 
    0.999983634946042, 0.03162099562634, 0.122831294009355, 0.129323645791505, 
    0.999990826932738, 0.782367863342372, 0.975959773178648, 
    0.000696453126020309, 0.0113143308745827, 0.0499250698457866, 
    0.0336020352575696, 0.00495632837728534, 0.106559657061238, 
    0.999999999999994, 0.0699398866436483, 0.893321013409897, 
    0.0369897351146469, 0.0955868515792932, 0.00206661288675683, 
    0.164351827687001, 0.0390992404199986, 1, 0.956710249371942, 
    0.0244837865495312, 0.00386428519491188, 1, 0.196522188707628, 
    0.00375994471541525, 0.0934052421026253, 0.000150715761991142, 
    0.999978731397228, 0.846958850987733, 0.440319467438458, 
    0.999999999999932, 0.999999986698768, 0.095712705313073, 
    0.999999999813985, 0.100300347585214, 0.477932699840408, 
    0.799428144206961, 0.0226336270921171, 0.0303947270665749, 
    0.990801252646766, 0.796197044484524, 0.149122622697296, 
    0.186123460666538, 0.999907819672539, 0.999999999999993, 
    0.00213649926958494, 0.13028677938708, 0.999999999892864, 
    0.00367861189782506, 0.383502502443023, 0.935782567919011, 
    0.0586388552056774, 0.069680932399337, 0.986632200809835, 
    0.999998409347926, 0.999999999998013, 0.851207707654387, 
    0.049217958213228, 0.0592991163044701, 0.0395066008857963
    ), jointlike_rank1 = c(1L, 1L, 1L, 1L, 1L, 1L, 1L, 1L, 1L, 
    1L, 1L, 2L, 1L, 1L, 1L, 1L, 1L, 1L, 1L, 2L, 1L, 1L, 1L, 1L, 
    1L, 1L, 1L, 1L, 1L, 1L, 1L, 1L, 1L, 1L, 1L, 1L, 1L, 1L, 2L, 
    1L, 2L, 1L, 1L, 1L, 1L, 1L, 1L, 1L, 1L, 1L, 1L, 1L, 1L, 1L, 
    1L, 1L, 1L, 1L, 1L, 1L, 1L, 1L, 1L, 1L, 1L, 1L, 1L, 1L, 1L, 
    1L, 1L, 1L, 1L, 1L, 1L, 1L, 1L, 1L, 1L, 1L, 1L, 2L, 1L, 1L, 
    1L, 1L, 1L, 1L, 1L, 1L, 1L, 1L, 1L, 1L, 1L, 1L, 1L, 1L, 2L, 
    1L), jointlike_rank2 = c(1L, 1L, 1L, 1L, 1L, 1L, 1L, 1L, 
    1L, 1L, 1L, 1L, 1L, 1L, 1L, 1L, 1L, 1L, 1L, 1L, 1L, 1L, 2L, 
    1L, 1L, 1L, 1L, 2L, 1L, 1L, 1L, 1L, 1L, 1L, 1L, 1L, 1L, 1L, 
    1L, 1L, 1L, 1L, 1L, 1L, 1L, 1L, 1L, 1L, 1L, 1L, 1L, 1L, 1L, 
    1L, 1L, 1L, 1L, 1L, 1L, 1L, 1L, 1L, 1L, 1L, 1L, 1L, 1L, 1L, 
    1L, 1L, 1L, 1L, 1L, 1L, 1L, 1L, 1L, 2L, 1L, 1L, 1L, 1L, 1L, 
    1L, 1L, 1L, 1L, 1L, 1L, 1L, 1L, 1L, 1L, 1L, 1L, 1L, 1L, 1L, 
    1L, 1L), jointlike_w1 = c(1, 1, 0.894754440943609, 1, 0.999999952284171, 
    0.999999999955574, 1, 0.999999999999999, 1, 1, 1, 3.75148886135925e-12, 
    1, 1, 1, 0.999704472430552, 1, 0.999999999999983, 1, 0.186689616494936, 
    1, 0.999999987491301, 0.983488905863345, 0.999999999323871, 
    1, 1, 1, 0.825897450427892, 0.696629065372085, 1, 1, 0.999999999999989, 
    1, 1, 0.999999999291705, 1, 0.99999999999987, 1, 0.0124583502803366, 
    0.999999997436653, 5.75182940108819e-09, 1, 1, 1, 0.99999999962858, 
    1, 1, 0.951987094117108, 1, 0.584311305205684, 1, 0.999988989245145, 
    1, 0.999964044998618, 0.999999999999998, 0.999999999999999, 
    0.999999999999997, 1, 1, 1, 0.999989182361592, 0.999999988437311, 
    1, 1, 1, 0.999999999999998, 0.900558204263275, 1, 0.999999999999667, 
    0.999995846433548, 1, 1, 0.999980750239581, 1, 0.99956558885813, 
    1, 1, 0.990970833059513, 0.999999999999921, 0.999999999985747, 
    0.999999999999816, 0.0676569275104728, 0.999999906795573, 
    1, 1, 1, 0.969197184099368, 1, 0.999993175498367, 0.999996191175676, 
    1, 1, 0.999999999999999, 1, 1, 1, 1, 0.999999185406502, 0.160178535552888, 
    1),