structure(list(n.sim = 1:100, n.sites = c(50, 50, 50, 50, 50, 
50, 50, 50, 50, 50, 50, 50, 50, 50, 50, 50, 50, 50, 50, 50, 50, 
50, 50, 50, 50, 50, 50, 50, 50, 50, 50, 50, 50, 50, 50, 50, 50, 
50, 50, 50, 50, 50, 50, 50, 50, 50, 50, 50, 50, 50, 50, 50, 50, 
50, 50, 50, 50, 50, 50, 50, 50, 50, 50, 50, 50, 50, 50, 50, 50, 
50, 50, 50, 50, 50, 50, 50, 50, 50, 50, 50, 50, 50, 50, 50, 50, 
50, 50, 50, 50, 50, 50, 50, 50, 50, 50, 50, 50, 50, 50, 50), 
    WAIC_rank1b = c(1L, 1L, 1L, 1L, 1L, 1L, 1L, 1L, 1L, 1L, 1L, 
    1L, 1L, 1L, 1L, 1L, 1L, 1L, 1L, 1L, 1L, 1L, 1L, 1L, 1L, 1L, 
    1L, 1L, 1L, 1L, 1L, 1L, 1L, 1L, 1L, 1L, 1L, 1L, 1L, 1L, 1L, 
    1L, 1L, 1L, 1L, 1L, 1L, 1L, 1L, 1L, 1L, 1L, 1L, 1L, 1L, 1L, 
    1L, 1L, 1L, 1L, 1L, 1L, 1L, 1L, 1L, 1L, 1L, 1L, 1L, 1L, 1L, 
    1L, 1L, 1L, 1L, 1L, 1L, 1L, 1L, 1L, 1L, 2L, 1L, 1L, 1L, 1L, 
    1L, 1L, 1L, 1L, 1L, 1L, 1L, 1L, 1L, 1L, 1L, 1L, 1L, 1L), 
    WAIC_rank2b = c(1L, 1L, 1L, 1L, 1L, 1L, 1L, 1L, 1L, 1L, 1L, 
    1L, 1L, 1L, 1L, 1L, 1L, 1L, 1L, 1L, 1L, 1L, 1L, 1L, 1L, 1L, 
    1L, 1L, 1L, 1L, 1L, 1L, 1L, 1L, 1L, 1L, 1L, 1L, 1L, 1L, 1L, 
    1L, 1L, 1L, 1L, 1L, 1L, 1L, 1L, 1L, 1L, 1L, 1L, 1L, 1L, 1L, 
    1L, 1L, 1L, 1L, 1L, 1L, 1L, 1L, 1L, 1L, 1L, 1L, 1L, 2L, 1L, 
    1L, 1L, 1L, 1L, 1L, 1L, 2L, 1L, 1L, 1L, 1L, 1L, 1L, 1L, 1L, 
    1L, 1L, 1L, 1L, 1L, 1L, 1L, 1L, 1L, 1L, 1L, 1L, 1L, 1L), 
    WAIC_W1b = c(1, 1, 0.999203360468607, 1, 0.999999999999929, 
    0.999981175051615, 1, 1, 1, 1, 1, 0.991486820334731, 1, 1, 
    1, 0.999999997618713, 0.999999999999999, 1, 0.999999987277026, 
    0.999999999918812, 1, 0.99999887479849, 0.998969993605291, 
    1, 1, 1, 1, 0.999999973019524, 0.999999999999611, 1, 1, 1, 
    1, 1, 1, 1, 0.999984078347779, 1, 1, 1, 0.999999490475969, 
    1, 1, 1, 0.999999999999967, 1, 1, 0.999753625585189, 1, 0.999999999999995, 
    1, 0.999999997652511, 1, 1, 1, 0.999999998698293, 0.999597837030407, 
    1, 1, 1, 0.999999999898523, 0.999999549854911, 1, 1, 1, 0.999999999998957, 
    0.999999980571117, 1, 1, 0.748027912921785, 1, 1, 0.999999961532518, 
    1, 0.997116635425009, 1, 1, 0.999524429194331, 1, 1, 1, 0.348358476916783, 
    0.997817414752939, 1, 1, 0.999999999999941, 0.999663370855831, 
    1, 1, 0.999996736049872, 1, 1, 1, 1, 1, 1, 1, 1, 1, 1), WAIC_W2b = c(1, 
    1, 0.981778267395163, 1, 1, 0.999999999762568, 1, 1, 1, 1, 
    1, 0.999997258243342, 1, 1, 1, 0.999999999980891, 1, 1, 0.999999999999805, 
    0.998198726346462, 1, 0.999999873427116, 0.77635427801431, 
    1, 1, 1, 1, 0.956002545272243, 0.999999999999017, 1, 1, 1, 
    1, 1, 1, 1, 0.999999971463882, 1, 1, 1, 0.999721434271595, 
    1, 1, 1, 1, 1, 1, 0.999999994454294, 1, 1, 1, 0.999985070801296, 
    1, 1, 1, 0.999999999999393, 0.999738157563387, 1, 1, 1, 0.999888409760856, 
    0.999999999714893, 1, 1, 1, 0.999999997839937, 0.999999999958837, 
    1, 1, 0.22658826424655, 1, 1, 0.99999999991977, 1, 0.989870902492762, 
    1, 1, 0.336540832893451, 0.99999999999994, 1, 1, 0.99999965564132, 
    0.792488043404196, 1, 1, 1, 0.997627352240583, 1, 1, 0.999361739639218, 
    1, 1, 1, 1, 1, 1, 1, 1, 1, 1), jointlike_rank1b = c(1L, 1L, 
    2L, 1L, 1L, 1L, 1L, 1L, 1L, 1L, 1L, 2L, 1L, 1L, 1L, 1L, 1L, 
    1L, 1L, 1L, 1L, 2L, 2L, 1L, 1L, 1L, 1L, 1L, 1L, 1L, 1L, 1L, 
    1L, 1L, 1L, 1L, 1L, 1L, 1L, 1L, 2L, 1L, 1L, 1L, 1L, 1L, 1L, 
    2L, 1L, 1L, 1L, 1L, 1L, 1L, 1L, 1L, 2L, 1L, 1L, 1L, 2L, 1L, 
    1L, 1L, 1L, 1L, 1L, 1L, 1L, 2L, 1L, 1L, 2L, 1L, 2L, 1L, 1L, 
    1L, 1L, 1L, 1L, 2L, 2L, 1L, 1L, 1L, 2L, 1L, 1L, 1L, 1L, 1L, 
    1L, 1L, 1L, 1L, 1L, 1L, 1L, 1L), jointlike_rank2b = c(1L, 
    1L, 1L, 1L, 1L, 1L, 1L, 1L, 1L, 1L, 1L, 1L, 1L, 1L, 1L, 1L, 
    1L, 1L, 1L, 1L, 1L, 1L, 1L, 1L, 1L, 1L, 1L, 1L, 1L, 1L, 1L, 
    1L, 1L, 1L, 1L, 1L, 1L, 1L, 1L, 1L, 1L, 1L, 1L, 1L, 1L, 1L, 
    1L, 1L, 1L, 1L, 1L, 1L, 1L, 1L, 1L, 1L, 1L, 1L, 1L, 1L, 1L, 
    1L, 1L, 1L, 1L, 1L, 1L, 1L, 1L, 1L, 1L, 1L, 1L, 1L, 1L, 1L, 
    1L, 1L, 1L, 1L, 1L, 1L, 1L, 1L, 1L, 1L, 1L, 1L, 1L, 1L, 1L, 
    1L, 1L, 1L, 1L, 1L, 1L, 1L, 1L, 1L), jointlike_w1b = c(1, 
    1, 1.92089556938753e-05, 1, 1, 0.99998341418035, 1, 1, 1, 
    1, 1, 1.64711277242307e-15, 1, 1, 1, 1, 1, 1, 1, 1, 1, 0.00408335277559657, 
    0.000451843537006059, 1, 1, 1, 1, 0.999524245197383, 1, 1, 
    1, 1, 1, 1, 1, 1, 0.999989957378402, 1, 1, 1, 0.00226085931324101, 
    1, 1, 1, 1, 1, 1, 0.0065005609356789, 1, 1, 1, 0.999999991991814, 
    1, 1, 1, 1, 5.76215183826748e-15, 1, 1, 1, 0.0573953759313749, 
    0.999999996426131, 1, 1, 1, 0.999906876198435, 0.999999999999986, 
    1, 1, 3.82944808948631e-15, 1, 1, 0.000198333757942538, 1, 
    2.22364796178311e-19, 1, 1, 0.951517315593431, 1, 1, 1, 1.2896058275939e-15, 
    0.000529897138274033, 1, 1, 1, 0.0113189330597333, 1, 1, 
    0.999998679226898, 1, 1, 1, 1, 1, 1, 1, 1, 1, 1), jointlike_w2b = c(1, 
    1, 1, 1, 1, 1, 1, 1, 1, 1, 1, 1, 1, 1, 1, 1, 1, 1, 1, 1, 
    1, 1, 1, 1, 1, 1, 1, 1, 1, 1, 1, 1, 1, 1, 1, 1, 1, 1, 1, 
    1, 1, 1, 1, 1, 1, 1, 1, 1, 1, 1, 1, 1, 1, 1, 1, 1, 1, 1, 
    1, 1, 1, 1, 1, 1, 1, 1, 1, 1, 1, 1, 1, 1, 1, 1, 1, 1, 1, 
    0.999999999999998, 1, 1, 1, 1, 1, 1, 1, 1, 1, 1, 1, 1, 1, 
    1, 1, 1, 1, 1, 1, 1, 1, 1), Dsel_rank1b = c(1L, 2L, 1L, 1L, 
    2L, 2L, 1L, 1L, 1L, 1L, 2L, 2L, 2L, 1L, 1L, 2L, 2L, 2L, 2L, 
    1L, 1L, 2L, 1L, 2L, 2L, 1L, 1L, 1L, 1L, 2L, 1L, 2L, 1L, 1L, 
    1L, 2L, 2L, 2L, 2L, 1L, 2L, 1L, 1L, 1L, 2L, 1L, 2L, 2L, 2L, 
    2L, 1L, 1L, 2L, 1L, 2L, 2L, 2L, 2L, 1L, 2L, 1L, 2L, 1L, 2L, 
    1L, 1L, 2L, 1L, 1L, 2L, 1L, 2L, 1L, 1L, 1L, 2L, 2L, 1L, 1L, 
    2L, 2L, 2L, 1L, 2L, 2L, 2L, 1L, 1L, 2L, 1L, 2L, 1L, 2L, 2L, 
    1L, 2L, 2L, 2L, 2L, 2L), Dsel_rank2b = c(1L, 1L, 1L, 1L, 
    2L, 2L, 1L, 1L, 1L, 1L, 2L, 2L, 1L, 2L, 1L, 2L, 1L, 2L, 2L, 
    1L, 1L, 2L, 2L, 2L, 1L, 1L, 1L, 2L, 2L, 1L, 1L, 1L, 2L, 1L, 
    2L, 1L, 2L, 1L, 2L, 1L, 2L, 1L, 2L, 1L, 2L, 1L, 2L, 2L, 2L, 
    2L, 1L, 2L, 2L, 2L, 1L, 2L, 2L, 2L, 1L, 1L, 2L, 2L, 1L, 2L, 
    2L, 2L, 2L, 1L, 2L, 2L, 1L, 1L, 1L, 1L, 2L, 1L, 2L, 2L, 2L, 
    2L, 1L, 2L, 2L, 1L, 1L, 2L, 2L, 1L, 2L, 2L, 2L, 1L, 2L, 1L, 
    1L, 1L, 2L, 1L, 2L, 2L), Dsel_w1b = c(1, 1.03930189676191e-14, 
    0.999533787632381, 1, 7.53676160335628e-10, 6.94534546746149e-20, 
    1, 1, 1, 0.999999949123076, 5.27010655619062e-117, 1.1236562098471e-06, 
    3.18107568949157e-25, 0.999999999999985, 1, 4.10967492667009e-09, 
    9.15008871515424e-10, 1.51201360676249e-44, 3.02205832806534e-13, 
    1, 1, 1.03767082973597e-24, 0.999999999999812, 2.41701463309121e-19, 
    3.22987278812514e-89, 1, 1, 0.999999998192283, 0.707222440135134, 
    6.48716583112013e-60, 1, 3.17420973305511e-58, 1, 1, 0.9999999976803, 
    7.14153750538325e-24, 0.000230599893449202, 3.50224453842601e-76, 
    2.15579673986154e-05, 1, 2.12090168452653e-09, 1, 0.99998976804153, 
    1, 5.34415200672571e-30, 1, 1.59086891352179e-49, 6.49988738615083e-07, 
    3.81978193888063e-30, 9.84663317082877e-05, 1, 1, 1.89418174167606e-34, 
    1, 1.3213038839853e-115, 9.86536331109153e-18, 1.28679793628133e-10, 
    7.64821906330038e-19, 1, 1.2191565979363e-42, 0.999999999993883, 
    3.68733078289624e-06, 1, 1.21001984592993e-10, 1, 0.999999999483575, 
    1.78317384425763e-26, 1, 1, 2.17566293203707e-06, 1, 6.26696379392421e-47, 
    0.885241037910126, 1, 0.999999999997492, 3.53055114843994e-28, 
    2.76697163425637e-41, 0.999999999998137, 0.559424410789549, 
    2.91841154397058e-16, 0.00443899348235439, 4.79271036570939e-14, 
    0.999999971570135, 3.8748740679785e-42, 3.73009257360912e-102, 
    3.27836607229181e-23, 0.999999958686426, 1, 2.30980649474767e-59, 
    1, 2.86244565028465e-09, 0.999995714033762, 1.28105325280881e-49, 
    6.88751188496735e-32, 1, 5.83520872085584e-29, 1.2442240746583e-48, 
    0.000763650689154393, 2.27884350035811e-31, 2.03368049873083e-41
    ),