structure(c(1.37579915499024, 0.999732919395102, -0.689539929240901, 
0.173782869023161, 1.67042428887407, 1.73062747675529, -1.33696348090727, 
-1.40798597769683, -0.521738181535947, -0.375157923206622, 0.816835693720374, 
0.962685154609037, -1.64545629248514, 0.910947100348928, -0.988164041800286, 
-0.0921284702390345, -0.540532050740657, -1.27575527532317, -0.654002220474758, 
1.17544486400526, 0.0454372370255225, -1.547707974655, -0.133079607372223, 
-1.38543465783043, -0.737856501466317, -1.41198445907552, 1.47792647789453, 
1.771765304277, -1.43097866822271, 0.677370934215631, -0.510328729060401, 
-0.106887375434389, 1.2260439565816, -1.01039232034827, 0.111997858514848, 
-0.0131536910890307, -0.0447867710099688, 1.48784922962875, 0.595704329661319, 
-0.762417957161917, 0.395950459176696, -1.52030433315362, -0.124988490007672, 
-0.0414274671523895, 0.987277075562784, -0.14880654953952, 0.57097381632649, 
0.932179400107026, -0.256840024803995, 0.618043820340318), .Dim = c(50L, 
1L))
