structure(c(-1.46117986658503, -0.12248799942356, -0.79809445792171, 
1.39247043573518, -1.28249561713147, -0.0379330769856631, -1.66762001201705, 
-0.200246770720975, -0.816736386857033, -1.61721988449817, -0.349084769625113, 
-1.34054810289546, 1.36407807662777, -1.53282684356099, 1.35134874326791, 
-1.56099543624022, 1.11204006079624, 0.218248640972844, -1.24856006620525, 
0.164993883868945, -1.58763758273488, -0.381418575742344, -1.10554030391135, 
0.159655260341042, 1.20056321998855, -0.438420102039476, 0.0410435561915949, 
-0.0942291553190663, 0.458314508340098, -0.814663817068173, -1.02122333642144, 
1.20798956037661, -1.49039648735566, 1.35535276644657, 0.609752641032446, 
-0.250571160624438, -0.537692725692312, -0.0576222433768313, 
-1.21225525234423, -1.52344627270223, -0.0487065014684793, -0.73404567689031, 
0.933882777470955, 1.45085251110815, 0.933868790751468, 1.12631951046325, 
1.05203252380655, 0.759811983624821, -0.552459845394464, -1.57741585470756, 
1.10571566457364, 1.3822606387749, -0.112043892721697, 1.53451417801223, 
0.171940118721666, 0.479787244634636, 1.25087527145942, 0.71936022904298, 
0.79286264770634, 1.3184277464296, 0.000312578497660238, -1.04256324443651, 
1.24774082540914, 1.49339599973176, -0.584457941630513, 0.993177933752572, 
-1.02101477504448, -1.48882720604262, 0.381195270096559, -0.287056350081325, 
0.00355100065348332, -0.753469660350896, -0.161676087219332, 
0.312437813076242, -0.55666460341106, -1.61302988350599, -1.07157637820448, 
-0.593271372285909, 1.17041404156709, -1.37592195694245, -1.53286327755341, 
-0.140156947394503, 1.15041851820451, 1.19697014884153, -1.22870381291947, 
1.47698945277701, 0.957218824912134, -1.19883330040027, -1.38572164672166, 
-0.933062654265319, 0.71663875829838, 1.09939102588947, -0.866095874585532, 
-1.31500524327779, 1.02514928015229, 1.21654590270355, -0.889623044995235, 
1.14722214505953, 1.12095955408206, -1.6793742801466, 0.416814499770981, 
-0.0712827601876377, -0.265945825771822, -0.00402296871165167, 
-0.652297669558098, -1.4842299531932, -1.40836290697836, -1.1675328052583, 
-0.110326925957607, 0.927451773455889, -0.379823469260085, 0.2292211248992, 
1.45654532054071, 0.929782000830805, 0.0529667981993027, -1.28480551086585, 
0.0466520221289598, 1.53081943866251, 0.169659554554492, 0.79005376278864, 
-0.842479822432538, -0.536048749649812, -0.11840430653532, -0.178330890726879, 
0.0722914093122433, -1.0383710665611, 1.1795493580292, -0.342778233483242, 
1.30271038368869, 0.581599559869852, 1.50085994349986, 1.54466178508561, 
-1.60984711606946, -1.06468471753579, 0.61259342320044, -1.60223756735129, 
-0.349337869385434, 0.54888985548961, -0.159541285376341, -1.24721272081084, 
0.267435670002854, 1.19445524406034, 1.2238775317288, -0.227117901085515, 
1.10686124655091, 1.51690245021898, -0.797397398224744, 0.168781525155517, 
0.127223919162602, 0.472304064326947, 0.60106772705728, 1.11765215236237, 
-0.360787669786072, -0.708569032624005, 1.18336232525512, -0.164132841131835, 
0.763271042798001, -1.68854277468862, 0.959850237748931, 0.629863472190553, 
0.0688555963303973, 1.47197917944273, -0.213787491185246, 1.11029343616295, 
-0.615587439620298, 1.09000631963026, 0.604393035542846, 1.37606108089473, 
-1.4793631109377, 1.30540012283997, 0.902586408693601, -1.65600459982184, 
1.4075569044334, 0.612841987724611, -1.1365011442772, 0.601021120220704, 
-1.49347341881063, 0.195120673750412, -0.794750098131178, -0.751164420824497, 
-1.12015767498014, -1.5584139637101, -1.45842188654939, -0.926219479886867, 
1.45538225497584, -0.564427615243728, -0.174965625026261, -0.134312002362188, 
-0.544964004376064, -1.00849995466485, 0.816160910297779, 0.983734346228015, 
0.28149937028622, 0.38896781850001, 1.0709072105788, 0.701444298571965, 
1.37555923137562, -0.1344685632621, 0.870743057154643, -1.34991437906335
), .Dim = c(200L, 1L))
